{"tolls":[{"toll_id":"FR_A11_A28_A81_A85","road_local_name":"A11","currency":"€","currency_code":"EUR","polyline":"LINESTRING (2.071717587182813 48.55506017600889, -1.317564639379687 48.05815614540066)","type":"static","rules":["entry_exit_price"],"entry_exit_matrix":[{"friendly_name":"Motorcycle","matrix_prices":[[0,2.3,4.8,5.3,6.7,8.1,9.9,13.4,14.2,16.4,17.2,18.6,20.1,14.3,14.9,15.1,15.4,19.1,21.7,24.6,27.2,30.5,34.6,16.1,17.8,19,19.8,21.4,13.7,14.3,14.4,16.2,20,20.6,21.6,22.8,24.9,19,14.8,12.1,21.3],[2.3,0,1.7,2.6,3.7,4.6,6.5,10.1,11,13.2,14,15.4,16.9,11.5,12.4,12.7,12.9,16.9,19.5,22.4,25,28.3,32.4,12.8,14.6,15.8,16.7,18.1,10.6,10.9,11.9,13,16.8,17.4,18.4,19.6,21.7,16,11.6,8.7,19.1],[4.8,1.7,0,1.1,2.2,3,4.4,7.6,9.1,11.3,12.1,13.5,15,9.6,10.4,10.7,11.1,15.4,18,20.9,23.5,26.8,30.9,10.7,12.6,13.8,14.3,16.3,8.4,8.8,9.6,10.9,14.9,15.5,16.5,17.7,19.8,13.8,9.7,6.5,17.6],[5.3,2.6,1.1,0,1.1,2,3.9,6.7,8,10.2,11,12.4,13.9,8.6,9,10.1,10.2,14.1,16.7,19.6,22.2,25.5,29.6,9.6,12,13.2,13.5,15.6,8,8.2,9.1,10.2,13.8,14.4,15.4,16.6,18.7,13.3,8.6,5.7,16.3],[6.7,3.7,2.2,1.1,0,1.3,2.9,5.5,6.7,8.9,9.7,11.1,12.6,6.8,7.3,8.7,9,12.9,15.5,18.4,21,24.3,28.4,9,10.2,11.7,12.4,14.8,6,6.3,7,8.3,12.5,13.1,14.1,15.3,17.4,11.3,7.3,4.7,15.1],[8.1,4.6,3,2,1.3,0,1.4,4,5,7.2,8,9.4,10.9,5.5,6.2,7.1,7.7,11.4,14,16.9,19.5,22.8,26.9,7.8,8.9,10.6,11.1,13.1,4.6,5.1,5.9,6.8,10.8,11.4,12.4,13.6,15.7,9.9,5.6,3.3,13.6],[9.9,6.5,4.4,3.9,2.9,1.4,0,3.2,3.3,5.5,6.3,7.7,9.2,4.2,4.7,5.2,5.6,9.5,12.1,15,17.6,20.9,25,5,6.9,8.1,8.7,10.2,3.4,3.7,4.4,5.5,9.1,9.7,10.7,11.9,14,8.5,3.9,1.7,11.7],[13.4,10.1,7.6,6.7,5.5,4,3.2,0,0.5,2.7,3.5,4.9,6.4,1.1,1.8,2.2,2.7,6.9,9.5,12.4,15,18.3,22.4,2.6,4.2,5.4,5.9,8.1,1,1.2,2.1,3.4,6.3,6.9,7.9,9.1,11.2,6.6,1.1,2,9.1],[14.2,11,9.1,8,6.7,5,3.3,0.5,0,2.2,3,4.4,5.9,2.2,2.7,3.3,3.4,7.5,10.1,13,15.6,18.9,23,2.6,3.9,5.1,5.4,8,1.8,2.1,3,4.1,5.8,6.4,7.4,8.6,10.7,6.7,0.6,2.6,9.7],[16.4,13.2,11.3,10.2,8.9,7.2,5.5,2.7,2.2,0,0.7,1.6,2.9,4.4,4.9,5.5,5.6,9.7,12.3,15.2,17.8,21.1,25.2,4.8,6.1,7.3,7.6,10.2,4,4.3,5.2,6.3,2.7,3.3,4.3,5.5,7.6,8.9,1.9,4.8,11.9],[17.2,14,12.1,11,9.7,8,6.3,3.5,3,0.7,0,0.7,2.1,5.2,5.7,6.3,6.4,10.5,13.1,16,18.6,21.9,26,5.6,6.9,8.1,8.4,11,4.8,5.1,6,7.1,1.9,2.5,3.5,4.7,6.8,9.7,2.6,5.6,12.7],[18.6,15.4,13.5,12.4,11.1,9.4,7.7,4.9,4.4,1.6,0.7,0,1.3,6.6,7.1,7.7,7.8,11.9,14.5,17.4,20,23.3,27.4,7,8.3,9.5,9.8,12.4,6.2,6.5,7.4,8.5,1.3,1.9,2.9,4.1,6.2,11.1,3.7,7,14.1],[20.1,16.9,15,13.9,12.6,10.9,9.2,6.4,5.9,2.9,2.1,1.3,0,8.1,8.6,9.2,9.3,13.4,16,18.9,21.5,24.8,28.9,8.5,9.8,11,11.3,13.9,7.7,8,8.9,10,2.4,3,4,5.2,7.3,12.6,5.6,8.5,15.6],[14.3,11.5,9.6,8.6,6.8,5.5,4.2,1.1,2.2,4.4,5.2,6.6,8.1,0,0.6,1,1.4,5.6,8.2,11.1,13.7,17,21.1,3.3,4.6,5.8,7.2,8.8,1.7,2.1,3.5,4.2,8,8.6,9.6,10.8,12.9,7.2,2.8,3.2,7.8],[14.9,12.4,10.4,9,7.3,6.2,4.7,1.8,2.7,4.9,5.7,7.1,8.6,0.6,0,0.5,0.8,4.8,7.4,10.3,12.9,16.2,20.3,4,5.1,6.3,8.1,8.9,2.4,2.9,4,4.9,8.5,9.1,10.1,11.3,13.4,7.9,3.3,3.7,7],[15.1,12.7,10.7,10.1,8.7,7.1,5.2,2.2,3.3,5.5,6.3,7.7,9.2,1,0.5,0,0.4,4.1,6.7,9.6,12.2,15.5,19.6,4.5,6.2,7.5,8.2,9.1,3,3.5,4.3,5.3,9.1,9.7,10.7,11.9,14,8.8,3.9,4.1,6.3],[15.4,12.9,11.1,10.2,9,7.7,5.6,2.7,3.4,5.6,6.4,7.8,9.3,1.4,0.8,0.4,0,3.6,6.2,9.1,11.7,15,19.1,4.7,6.3,7.6,8.3,9.5,3.7,3.8,4.7,6,9.2,9.8,10.8,12,14.1,9.2,4,4.7,5.8],[19.1,16.9,15.4,14.1,12.9,11.4,9.5,6.9,7.5,9.7,10.5,11.9,13.4,5.6,4.8,4.1,3.6,0,1.8,3.7,5.6,8.7,12.9,8.7,10.2,11.3,12,13.2,7.5,7.6,8.6,9.7,13.3,13.9,14.9,16.1,18.2,13.3,8.1,8.8,0],[21.7,19.5,18,16.7,15.5,14,12.1,9.5,10.1,12.3,13.1,14.5,16,8.2,7.4,6.7,6.2,1.8,0,2.1,3.4,5.9,9.4,11.3,12.8,13.9,14.6,15.8,10.1,10.2,11.2,12.3,15.9,16.5,17.5,18.7,20.8,15.9,10.7,11.4,4],[24.6,22.4,20.9,19.6,18.4,16.9,15,12.4,13,15.2,16,17.4,18.9,11.1,10.3,9.6,9.1,3.7,2.1,0,1.2,3.5,6.5,14.2,15.7,16.8,17.5,18.7,13,13.1,14.1,15.2,18.8,19.4,20.4,21.6,23.7,18.8,13.6,14.3,5.9],[27.2,25,23.5,22.2,21,19.5,17.6,15,15.6,17.8,18.6,20,21.5,13.7,12.9,12.2,11.7,5.6,3.4,1.2,0,2,4.2,16.8,18.3,19.4,20.1,21.3,15.6,15.7,16.7,17.8,21.4,22,23,24.2,26.3,21.4,16.2,16.9,7.8],[30.5,28.3,26.8,25.5,24.3,22.8,20.9,18.3,18.9,21.1,21.9,23.3,24.8,17,16.2,15.5,15,8.7,5.9,3.5,2,0,1.2,20.1,21.6,22.7,23.4,24.6,18.9,19,20,21.1,24.7,25.3,26.3,27.5,29.6,24.7,19.5,20.2,10.9],[34.6,32.4,30.9,29.6,28.4,26.9,25,22.4,23,25.2,26,27.4,28.9,21.1,20.3,19.6,19.1,12.9,9.4,6.5,4.2,1.2,0,24.2,25.7,26.8,27.5,28.7,23,23.1,24.1,25.2,28.8,29.4,30.4,31.6,33.7,28.8,23.6,24.3,15.1],[16.1,12.8,10.7,9.6,9,7.8,5,2.6,2.6,4.8,5.6,7,8.5,3.3,4,4.5,4.7,8.7,11.3,14.2,16.8,20.1,24.2,0,0.9,2.5,3,4.5,3.3,3.8,4.6,5.2,8.4,9,10,11.2,13.3,8.4,3.2,4.7,10.9],[17.8,14.6,12.6,12,10.2,8.9,6.9,4.2,3.9,6.1,6.9,8.3,9.8,4.6,5.1,6.2,6.3,10.2,12.8,15.7,18.3,21.6,25.7,0.9,0,1.4,1.9,3.6,4.9,5,6.2,7.2,9.7,10.3,11.3,12.5,14.6,10.4,4.5,5.8,12.4],[19,15.8,13.8,13.2,11.7,10.6,8.1,5.4,5.1,7.3,8.1,9.5,11,5.8,6.3,7.5,7.6,11.3,13.9,16.8,19.4,22.7,26.8,2.5,1.4,0,0.6,1.8,6.1,6.2,7.7,8.4,10.9,11.5,12.5,13.7,15.8,11.6,5.7,7,13.5],[19.8,16.7,14.3,13.5,12.4,11.1,8.7,5.9,5.4,7.6,8.4,9.8,11.3,7.2,8.1,8.2,8.3,12,14.6,17.5,20.1,23.4,27.5,3,1.9,0.6,0,1.5,6.7,7.2,8.1,8.9,11.2,11.8,12.8,14,16.1,12.4,6,7.8,14.2],[21.4,18.1,16.3,15.6,14.8,13.1,10.2,8.1,8,10.2,11,12.4,13.9,8.8,8.9,9.1,9.5,13.2,15.8,18.7,21.3,24.6,28.7,4.5,3.6,1.8,1.5,0,8.8,9.1,9.9,11.2,13.8,14.4,15.4,16.6,18.7,13,8.6,10.1,15.4],[13.7,10.6,8.4,8,6,4.6,3.4,1,1.8,4,4.8,6.2,7.7,1.7,2.4,3,3.7,7.5,10.1,13,15.6,18.9,23,3.3,4.9,6.1,6.7,8.8,0,0.4,1.4,2.2,7.6,8.2,9.2,10.4,12.5,5.4,2.4,1.7,9.7],[14.3,10.9,8.8,8.2,6.3,5.1,3.7,1.2,2.1,4.3,5.1,6.5,8,2.1,2.9,3.5,3.8,7.6,10.2,13.1,15.7,19,23.1,3.8,5,6.2,7.2,9.1,0.4,0,0.9,2.1,7.9,8.5,9.5,10.7,12.8,5.3,2.7,2.1,9.8],[14.4,11.9,9.6,9.1,7,5.9,4.4,2.1,3,5.2,6,7.4,8.9,3.5,4,4.3,4.7,8.6,11.2,14.1,16.7,20,24.1,4.6,6.2,7.7,8.1,9.9,1.4,0.9,0,0.9,8.8,9.4,10.4,11.6,13.7,4.2,3.6,3.4,10.8],[16.2,13,10.9,10.2,8.3,6.8,5.5,3.4,4.1,6.3,7.1,8.5,10,4.2,4.9,5.3,6,9.7,12.3,15.2,17.8,21.1,25.2,5.2,7.2,8.4,8.9,11.2,2.2,2.1,0.9,0,9.9,10.5,11.5,12.7,14.8,2.8,4.7,4,11.9],[20,16.8,14.9,13.8,12.5,10.8,9.1,6.3,5.8,2.7,1.9,1.3,2.4,8,8.5,9.1,9.2,13.3,15.9,18.8,21.4,24.7,28.8,8.4,9.7,10.9,11.2,13.8,7.6,7.9,8.8,9.9,0,0.5,1.1,2.1,3.7,12.5,5.3,8.4,15.5],[20.6,17.4,15.5,14.4,13.1,11.4,9.7,6.9,6.4,3.3,2.5,1.9,3,8.6,9.1,9.7,9.8,13.9,16.5,19.4,22,25.3,29.4,9,10.3,11.5,11.8,14.4,8.2,8.5,9.4,10.5,0.5,0,0.7,1.5,3.4,13.1,5.9,9,16.1],[21.6,18.4,16.5,15.4,14.1,12.4,10.7,7.9,7.4,4.3,3.5,2.9,4,9.6,10.1,10.7,10.8,14.9,17.5,20.4,23,26.3,30.4,10,11.3,12.5,12.8,15.4,9.2,9.5,10.4,11.5,1.1,0.7,0,1.1,2.6,14.1,6.9,10,17.1],[22.8,19.6,17.7,16.6,15.3,13.6,11.9,9.1,8.6,5.5,4.7,4.1,5.2,10.8,11.3,11.9,12,16.1,18.7,21.6,24.2,27.5,31.6,11.2,12.5,13.7,14,16.6,10.4,10.7,11.6,12.7,2.1,1.5,1.1,0,1.7,15.3,8.1,11.2,18.3],[24.9,21.7,19.8,18.7,17.4,15.7,14,11.2,10.7,7.6,6.8,6.2,7.3,12.9,13.4,14,14.1,18.2,20.8,23.7,26.3,29.6,33.7,13.3,14.6,15.8,16.1,18.7,12.5,12.8,13.7,14.8,3.7,3.4,2.6,1.7,0,17.4,10.2,13.3,20.4],[19,16,13.8,13.3,11.3,9.9,8.5,6.6,6.7,8.9,9.7,11.1,12.6,7.2,7.9,8.8,9.2,13.3,15.9,18.8,21.4,24.7,28.8,8.4,10.4,11.6,12.4,13,5.4,5.3,4.2,2.8,12.5,13.1,14.1,15.3,17.4,0,7.3,7.6,15.5],[14.8,11.6,9.7,8.6,7.3,5.6,3.9,1.1,0.6,1.9,2.6,3.7,5.6,2.8,3.3,3.9,4,8.1,10.7,13.6,16.2,19.5,23.6,3.2,4.5,5.7,6,8.6,2.4,2.7,3.6,4.7,5.3,5.9,6.9,8.1,10.2,7.3,0,3.2,10.3],[12.1,8.7,6.5,5.7,4.7,3.3,1.7,2,2.6,4.8,5.6,7,8.5,3.2,3.7,4.1,4.7,8.8,11.4,14.3,16.9,20.2,24.3,4.7,5.8,7,7.8,10.1,1.7,2.1,3.4,4,8.4,9,10,11.2,13.3,7.6,3.2,0,11],[21.3,19.1,17.6,16.3,15.1,13.6,11.7,9.1,9.7,11.9,12.7,14.1,15.6,7.8,7,6.3,5.8,0,4,5.9,7.8,10.9,15.1,10.9,12.4,13.5,14.2,15.4,9.7,9.8,10.8,11.9,15.5,16.1,17.1,18.3,20.4,15.5,10.3,11,0]],"each_section_is_entry_or_exit":true,"permit_id":"","limit_to_vehicles":["MOTORCYCLE"]},{"friendly_name":"Car","matrix_prices":[[0,3.7,7.6,8.6,10.9,12.8,15.8,21.4,22.7,26.8,27.8,30.5,32.9,22.6,24.3,24.7,24.9,31.3,35.2,39.8,44.5,49.1,57.5,25.2,28.4,30.4,31,32.3,21.8,23,23.9,26,32.2,33.2,34.6,36.8,40.4,29.9,23.7,19.7,35.3],[3.7,0,2.8,4.5,6.4,7.6,10.9,16.8,17.8,21.9,22.9,25.6,28,18.3,20.2,20.9,21.7,28.4,32.3,36.9,41.6,46.2,54.6,20.8,24.1,26.1,27.3,28.7,16.7,18,19,21.2,27.3,28.3,29.7,31.9,35.5,25.5,18.8,15,32.4],[7.6,2.8,0,1.6,3.5,4.8,7.6,13.2,15.6,19.7,20.7,23.4,25.8,15.6,17,17.7,17.9,25.2,29.1,33.7,38.4,43,51.4,16.8,20.4,22.4,23.3,25.8,13.7,14.7,15.6,18,25.1,26.1,27.5,29.7,33.3,22.8,16.6,11.1,29.2],[8.6,4.5,1.6,0,1.6,3.6,6,11.8,13.7,17.8,18.8,21.5,23.9,13.5,14.7,16.2,17.1,23.9,27.8,32.4,37.1,41.7,50.1,15.3,19,21,21.8,24.5,12.7,13.1,14.9,16.5,23.2,24.2,25.6,27.8,31.4,21.7,14.7,9.2,27.9],[10.9,6.4,3.5,1.6,0,1.8,4.9,9.2,11.3,15.4,16.4,19.1,21.5,11.8,12.8,14.5,15.2,21.8,25.7,30.3,35,39.6,48,14.2,17.3,19.3,20.8,23.5,10,10.8,12.3,13.9,20.8,21.8,23.2,25.4,29,19.7,12.3,7.7,25.8],[12.8,7.6,4.8,3.6,1.8,0,2.6,7.3,8.4,12.5,13.5,16.2,18.6,9.3,10.2,11.9,12.7,19.3,23.2,27.8,32.5,37.1,45.5,12.2,15.2,17.2,18.1,20.8,7.6,8.5,9.4,11.4,17.9,18.9,20.3,22.5,26.1,16.8,9.4,5.5,23.3],[15.8,10.9,7.6,6,4.9,2.6,0,5.1,5.2,9.3,10.3,13,15.4,6.8,7.5,8.4,9.3,15.7,19.6,24.2,28.9,33.5,41.9,7.8,11.3,13.3,14.5,16.2,4.7,5.5,7.1,8.6,14.7,15.7,17.1,19.3,22.9,13.4,6.2,2.5,19.7],[21.4,16.8,13.2,11.8,9.2,7.3,5.1,0,0.7,4.8,5.8,8.5,10.9,1.8,3,3.8,4.3,11.1,15,19.6,24.3,28.9,37.3,4.2,6.6,8.6,9.8,13.3,1.3,1.8,3.3,5,10.2,11.2,12.6,14.8,18.4,10.5,1.7,3.1,15.1],[22.7,17.8,15.6,13.7,11.3,8.4,5.2,0.7,0,4.1,5.1,7.8,10.2,3.2,4.1,5.1,5.5,12.5,16.4,21,25.7,30.3,38.7,4,6.6,8.6,8.8,12.5,2.6,3.1,4.5,6.5,9.5,10.5,11.9,14.1,17.7,11.2,1,3.8,16.5],[26.8,21.9,19.7,17.8,15.4,12.5,9.3,4.8,4.1,0,1.3,2.5,4.6,7.3,8.2,9.2,9.6,16.6,20.5,25.1,29.8,34.4,42.8,8.1,10.7,12.7,12.9,16.6,6.7,7.2,8.6,10.6,4.9,5.9,7.3,9.5,13.1,15.3,3.4,7.9,20.6],[27.8,22.9,20.7,18.8,16.4,13.5,10.3,5.8,5.1,1.3,0,1.3,3.4,8.3,9.2,10.2,10.6,17.6,21.5,26.1,30.8,35.4,43.8,9.1,11.7,13.7,13.9,17.6,7.7,8.2,9.6,11.6,3,4,5.4,7.6,11.2,16.3,4.5,8.9,21.6],[30.5,25.6,23.4,21.5,19.1,16.2,13,8.5,7.8,2.5,1.3,0,2.2,11,11.9,12.9,13.3,20.3,24.2,28.8,33.5,38.1,46.5,11.8,14.4,16.4,16.6,20.3,10.4,10.9,12.3,14.3,1.9,2.9,4.3,6.5,10.1,19,6.3,11.6,24.3],[32.9,28,25.8,23.9,21.5,18.6,15.4,10.9,10.2,4.6,3.4,2.2,0,13.4,14.3,15.3,15.7,22.7,26.6,31.2,35.9,40.5,48.9,14.2,16.8,18.8,19,22.7,12.8,13.3,14.7,16.7,4.1,5.1,6.5,8.7,12.3,21.4,9.3,14,26.7],[22.6,18.3,15.6,13.5,11.8,9.3,6.8,1.8,3.2,7.3,8.3,11,13.4,0,0.9,1.7,2.3,8.7,12.6,17.2,21.9,26.5,34.9,5.3,7.9,9.9,11.5,13.8,2.6,3.2,4.8,6.3,12.7,13.7,15.1,17.3,20.9,11.6,4.2,5.1,12.7],[24.3,20.2,17,14.7,12.8,10.2,7.5,3,4.1,8.2,9.2,11.9,14.3,0.9,0,0.7,1.2,7.5,11.4,16,20.7,25.3,33.7,6.4,8.9,10.9,13,14.5,3.4,4,6,7.9,13.6,14.6,16,18.2,21.8,12.8,5.1,6.4,11.5],[24.7,20.9,17.7,16.2,14.5,11.9,8.4,3.8,5.1,9.2,10.2,12.9,15.3,1.7,0.7,0,0.5,6.7,10.6,15.2,19.9,24.5,32.9,7.1,10.1,12.2,13.1,14.7,4.6,4.8,6.9,9,14.6,15.6,17,19.2,22.8,14.2,6.1,7.1,10.7],[24.9,21.7,17.9,17.1,15.2,12.7,9.3,4.3,5.5,9.6,10.6,13.3,15.7,2.3,1.2,0.5,0,6.1,10,14.6,19.3,23.9,32.3,7.3,10.5,12.5,13.5,14.9,5.2,5.4,7.4,9.4,15,16,17.4,19.6,23.2,14.7,6.5,7.6,10.1],[31.3,28.4,25.2,23.9,21.8,19.3,15.7,11.1,12.5,16.6,17.6,20.3,22.7,8.7,7.5,6.7,6.1,0,2.7,5.6,9.1,13.2,20.2,13.6,17.1,18.7,19.7,21.1,11.7,12.5,13.6,15.9,22,23,24.4,26.6,30.2,21.2,13.5,14.3,0],[35.2,32.3,29.1,27.8,25.7,23.2,19.6,15,16.4,20.5,21.5,24.2,26.6,12.6,11.4,10.6,10,2.7,0,3,5,8.9,15.1,17.5,21,22.6,23.6,25,15.6,16.4,17.5,19.8,25.9,26.9,28.3,30.5,34.1,25.1,17.4,18.2,6.7],[39.8,36.9,33.7,32.4,30.3,27.8,24.2,19.6,21,25.1,26.1,28.8,31.2,17.2,16,15.2,14.6,5.6,3,0,1.6,5,10.1,22.1,25.6,27.2,28.2,29.6,20.2,21,22.1,24.4,30.5,31.5,32.9,35.1,38.7,29.7,22,22.8,9.6],[44.5,41.6,38.4,37.1,35,32.5,28.9,24.3,25.7,29.8,30.8,33.5,35.9,21.9,20.7,19.9,19.3,9.1,5,1.6,0,3.1,6.4,26.8,30.3,31.9,32.9,34.3,24.9,25.7,26.8,29.1,35.2,36.2,37.6,39.8,43.4,34.4,26.7,27.5,13.1],[49.1,46.2,43,41.7,39.6,37.1,33.5,28.9,30.3,34.4,35.4,38.1,40.5,26.5,25.3,24.5,23.9,13.2,8.9,5,3.1,0,2,31.4,34.9,36.5,37.5,38.9,29.5,30.3,31.4,33.7,39.8,40.8,42.2,44.4,48,39,31.3,32.1,17.2],[57.5,54.6,51.4,50.1,48,45.5,41.9,37.3,38.7,42.8,43.8,46.5,48.9,34.9,33.7,32.9,32.3,20.2,15.1,10.1,6.4,2,0,39.8,43.3,44.9,45.9,47.3,37.9,38.7,39.8,42.1,48.2,49.2,50.6,52.8,56.4,47.4,39.7,40.5,24.2],[25.2,20.8,16.8,15.3,14.2,12.2,7.8,4.2,4,8.1,9.1,11.8,14.2,5.3,6.4,7.1,7.3,13.6,17.5,22.1,26.8,31.4,39.8,0,1.6,3.8,5.1,7.4,5,5.9,6.9,9,13.5,14.5,15.9,18.1,21.7,13.9,5,7.4,17.6],[28.4,24.1,20.4,19,17.3,15.2,11.3,6.6,6.6,10.7,11.7,14.4,16.8,7.9,8.9,10.1,10.5,17.1,21,25.6,30.3,34.9,43.3,1.6,0,2.3,2.5,5.3,8.1,8.8,10,11.7,16.1,17.1,18.5,20.7,24.3,17.4,7.6,9.8,21.1],[30.4,26.1,22.4,21,19.3,17.2,13.3,8.6,8.6,12.7,13.7,16.4,18.8,9.9,10.9,12.2,12.5,18.7,22.6,27.2,31.9,36.5,44.9,3.8,2.3,0,0.9,2.8,10.1,10.8,12.6,13.7,18.1,19.1,20.5,22.7,26.3,19.3,9.6,11.8,22.7],[31,27.3,23.3,21.8,20.8,18.1,14.5,9.8,8.8,12.9,13.9,16.6,19,11.5,13,13.1,13.5,19.7,23.6,28.2,32.9,37.5,45.9,5.1,2.5,0.9,0,2.2,11.1,11.4,13.5,15.2,18.3,19.3,20.7,22.9,26.5,19.5,9.8,13,23.7],[32.3,28.7,25.8,24.5,23.5,20.8,16.2,13.3,12.5,16.6,17.6,20.3,22.7,13.8,14.5,14.7,14.9,21.1,25,29.6,34.3,38.9,47.3,7.4,5.3,2.8,2.2,0,13.9,14.7,15.7,17.9,22,23,24.4,26.6,30.2,19.7,13.5,16,25.1],[21.8,16.7,13.7,12.7,10,7.6,4.7,1.3,2.6,6.7,7.7,10.4,12.8,2.6,3.4,4.6,5.2,11.7,15.6,20.2,24.9,29.5,37.9,5,8.1,10.1,11.1,13.9,0,0.6,2,3.8,12.1,13.1,14.5,16.7,20.3,8.8,3.6,2.6,15.7],[23,18,14.7,13.1,10.8,8.5,5.5,1.8,3.1,7.2,8.2,10.9,13.3,3.2,4,4.8,5.4,12.5,16.4,21,25.7,30.3,38.7,5.9,8.8,10.8,11.4,14.7,0.6,0,1.4,3.1,12.6,13.6,15,17.2,20.8,8.3,4.1,3.5,16.5],[23.9,19,15.6,14.9,12.3,9.4,7.1,3.3,4.5,8.6,9.6,12.3,14.7,4.8,6,6.9,7.4,13.6,17.5,22.1,26.8,31.4,39.8,6.9,10,12.6,13.5,15.7,2,1.4,0,1.5,14,15,16.4,18.6,22.2,6.4,5.5,5,17.6],[26,21.2,18,16.5,13.9,11.4,8.6,5,6.5,10.6,11.6,14.3,16.7,6.3,7.9,9,9.4,15.9,19.8,24.4,29.1,33.7,42.1,9,11.7,13.7,15.2,17.9,3.8,3.1,1.5,0,16,17,18.4,20.6,24.2,4.3,7.5,6.8,19.9],[32.2,27.3,25.1,23.2,20.8,17.9,14.7,10.2,9.5,4.9,3,1.9,4.1,12.7,13.6,14.6,15,22,25.9,30.5,35.2,39.8,48.2,13.5,16.1,18.1,18.3,22,12.1,12.6,14,16,0,0.8,1.6,3.2,6.7,20.7,8.2,13.3,26],[33.2,28.3,26.1,24.2,21.8,18.9,15.7,11.2,10.5,5.9,4,2.9,5.1,13.7,14.6,15.6,16,23,26.9,31.5,36.2,40.8,49.2,14.5,17.1,19.1,19.3,23,13.1,13.6,15,17,0.8,0,1,2.4,5.5,21.7,9.2,14.3,27],[34.6,29.7,27.5,25.6,23.2,20.3,17.1,12.6,11.9,7.3,5.4,4.3,6.5,15.1,16,17,17.4,24.4,28.3,32.9,37.6,42.2,50.6,15.9,18.5,20.5,20.7,24.4,14.5,15,16.4,18.4,1.6,1,0,1.5,4.5,23.1,10.6,15.7,28.4],[36.8,31.9,29.7,27.8,25.4,22.5,19.3,14.8,14.1,9.5,7.6,6.5,8.7,17.3,18.2,19.2,19.6,26.6,30.5,35.1,39.8,44.4,52.8,18.1,20.7,22.7,22.9,26.6,16.7,17.2,18.6,20.6,3.2,2.4,1.5,0,2.3,25.3,12.8,17.9,30.6],[40.4,35.5,33.3,31.4,29,26.1,22.9,18.4,17.7,13.1,11.2,10.1,12.3,20.9,21.8,22.8,23.2,30.2,34.1,38.7,43.4,48,56.4,21.7,24.3,26.3,26.5,30.2,20.3,20.8,22.2,24.2,6.7,5.5,4.5,2.3,0,28.9,16.4,21.5,34.2],[29.9,25.5,22.8,21.7,19.7,16.8,13.4,10.5,11.2,15.3,16.3,19,21.4,11.6,12.8,14.2,14.7,21.2,25.1,29.7,34.4,39,47.4,13.9,17.4,19.3,19.5,19.7,8.8,8.3,6.4,4.3,20.7,21.7,23.1,25.3,28.9,0,12.2,12,25.2],[23.7,18.8,16.6,14.7,12.3,9.4,6.2,1.7,1,3.4,4.5,6.3,9.3,4.2,5.1,6.1,6.5,13.5,17.4,22,26.7,31.3,39.7,5,7.6,9.6,9.8,13.5,3.6,4.1,5.5,7.5,8.2,9.2,10.6,12.8,16.4,12.2,0,4.8,17.5],[19.7,15,11.1,9.2,7.7,5.5,2.5,3.1,3.8,7.9,8.9,11.6,14,5.1,6.4,7.1,7.6,14.3,18.2,22.8,27.5,32.1,40.5,7.4,9.8,11.8,13,16,2.6,3.5,5,6.8,13.3,14.3,15.7,17.9,21.5,12,4.8,0,18.3],[35.3,32.4,29.2,27.9,25.8,23.3,19.7,15.1,16.5,20.6,21.6,24.3,26.7,12.7,11.5,10.7,10.1,0,6.7,9.6,13.1,17.2,24.2,17.6,21.1,22.7,23.7,25.1,15.7,16.5,17.6,19.9,26,27,28.4,30.6,34.2,25.2,17.5,18.3,0]],"each_section_is_entry_or_exit":true,"permit_id":"","limit_to_vehicles":["PRIVATE","TAXI","EV"]}],"sections":[{"section_id":"PARIS (LA FOLIE BESSIN)","road_local_name":"A10","section_local_name":"Gare de Péage de Saint-Arnoult","location":[1.90309,48.54121],"segments":[{"permalink":"https://beta.waze.com/editor/?env=row&lon=1.90309&lat=48.54121&zoom=5&segments=332507796","id":332507796,"forwards":false,"fromNode":68012726,"toNode":68014752},{"permalink":"https://beta.waze.com/editor/?env=row&lon=1.90309&lat=48.54121&zoom=5&segments=273829786","id":273829786,"forwards":false,"fromNode":68014309,"toNode":228306143}]},{"section_id":"ABLIS","road_local_name":"A11","section_local_name":"Gare de Péage d'Ablis","location":[1.83403,48.52804],"segments":[{"permalink":"https://beta.waze.com/editor/?env=row&lon=1.83403&lat=48.52804&zoom=5&segments=349545405","id":349545405,"forwards":true,"fromNode":277064238,"toNode":68015197},{"permalink":"https://beta.waze.com/editor/?env=row&lon=1.83403&lat=48.52804&zoom=5&segments=349545407","id":349545407,"forwards":true,"fromNode":68015190,"toNode":277064240}]},{"section_id":"Chartres EST","road_local_name":"A11","section_local_name":"Péage - Chartres Est","location":[1.54073,48.45396],"segments":[{"permalink":"https://beta.waze.com/editor/?env=row&lon=1.54073&lat=48.45396&zoom=5&segments=355424695","id":355424695,"forwards":false,"fromNode":280794736,"toNode":277064005},{"permalink":"https://beta.waze.com/editor/?env=row&lon=1.54073&lat=48.45396&zoom=5&segments=349545062","id":349545062,"forwards":false,"fromNode":277064003,"toNode":68004052},{"permalink":"https://beta.waze.com/editor/?env=row&lon=1.54073&lat=48.45396&zoom=5&segments=367413661","id":367413661,"forwards":true,"fromNode":152425295,"toNode":68004866},{"permalink":"https://beta.waze.com/editor/?env=row&lon=1.54073&lat=48.45396&zoom=5&segments=355424259","id":355424259,"forwards":true,"fromNode":280794431,"toNode":277063932}]},{"section_id":"CHARTRES-THIVARS","road_local_name":"A11","section_local_name":"Gare de Péage de Thivars (3)","location":[1.44701,48.36589],"segments":[{"permalink":"https://beta.waze.com/fr/editor?env=row&lon=1.44701&lat=48.36589&zoom=5&segments=360878409","id":360878409,"forwards":true,"fromNode":284334615,"toNode":67996657},{"permalink":"https://beta.waze.com/fr/editor?env=row&lon=1.44701&lat=48.36589&zoom=5&segments=349544676","id":349544676,"forwards":true,"fromNode":277063751,"toNode":67996685},{"permalink":"https://beta.waze.com/fr/editor?env=row&lon=1.44882&lat=48.36186&zoom=5&segments=349544771","id":349544771,"forwards":false,"fromNode":277063824,"toNode":67996649},{"permalink":"https://beta.waze.com/fr/editor?env=row&lon=1.44882&lat=48.36186&zoom=5&segments=358215117","id":358215117,"forwards":false,"fromNode":282626459,"toNode":277063826}]},{"section_id":"ILLIERS COMBRAY","road_local_name":"A11","section_local_name":"Sortie 3.1: Illiers-Combray","location":[1.27187,48.29237],"segments":[{"permalink":"https://beta.waze.com/fr/editor?env=row&lon=1.27187&lat=48.29237&zoom=5&segments=288035625","id":288035625,"forwards":false,"fromNode":237214561,"toNode":309027388},{"permalink":"https://beta.waze.com/fr/editor?env=row&lat=48.29237&lon=1.27185&s=70637015&zoomLevel=17&segments=398799353","id":398799353,"forwards":true,"fromNode":309027386,"toNode":309027370}]},{"section_id":"BROU","road_local_name":"A11","section_local_name":"Sortie 4: Brou","location":[1.03377,48.23451],"segments":[{"permalink":"https://beta.waze.com/fr/editor?env=row&lon=1.03377&lat=48.23451&zoom=6&segments=66953253","id":66953253,"forwards":true,"fromNode":173116829,"toNode":155272604},{"permalink":"https://beta.waze.com/fr/editor?env=row&lon=1.03377&lat=48.23451&zoom=6&segments=181131015","id":181131015,"forwards":true,"fromNode":155272603,"toNode":67893048}]},{"section_id":"LA FERTE BERNARD","road_local_name":"A11","section_local_name":"Péage La Ferté Bernard","location":[0.68793,48.14933],"segments":[{"permalink":"https://beta.waze.com/fr/editor?env=row&lon=0.68793&lat=48.14933&zoom=6&segments=295867789","id":295867789,"forwards":true,"fromNode":312351282,"toNode":243050726},{"permalink":"https://beta.waze.com/fr/editor?env=row&lat=48.14933&lon=0.68793&s=70637015&zoomLevel=18&segments=403722719","id":403722719,"forwards":false,"fromNode":67632513,"toNode":312351298}]},{"section_id":"LE MANS NORD","road_local_name":"A11","section_local_name":"Gare de Péage du Mans Nord","location":[0.17505,48.05063],"segments":[{"permalink":"https://beta.waze.com/fr/editor?env=row&lon=0.17505&lat=48.05063&zoom=6&segments=340914681","id":340914681,"forwards":true,"fromNode":67622833,"toNode":271634248},{"permalink":"https://beta.waze.com/fr/editor?env=row&lon=0.17505&lat=48.05063&zoom=6&segments=340914684","id":340914684,"forwards":false,"fromNode":271634250,"toNode":67625922}]},{"section_id":"LE MANS OUEST","road_local_name":"A11","section_local_name":"Échangeur 8 - Le Mans-Ouest","location":[0.13105,48.0207],"segments":[{"permalink":"https://beta.waze.com/fr/editor?env=row&lon=0.13105&lat=48.02070&zoom=5&segments=364310538","id":364310538,"forwards":false,"fromNode":286556420,"toNode":67624996},{"permalink":"https://beta.waze.com/fr/editor?env=row&lon=0.13105&lat=48.02070&zoom=5&segments=143261021","id":143261021,"forwards":true,"fromNode":67624998,"toNode":152425440},{"permalink":"https://beta.waze.com/fr/editor?env=row&lon=0.13105&lat=48.02070&zoom=5&segments=294788341","id":294788341,"forwards":true,"fromNode":242338327,"toNode":152425440}]},{"section_id":"SABLE-LA FLECHE","road_local_name":"A11","section_local_name":"Gare de Péage de Sablé","location":[-0.20534,47.77574],"segments":[{"permalink":"https://beta.waze.com/fr/editor?env=row&lat=47.77631&lon=-0.20545&s=70637015&zoomLevel=18&segments=150233171","id":150233171,"forwards":false,"fromNode":66778980,"toNode":312794299},{"permalink":"https://beta.waze.com/fr/editor?env=row&lon=-0.20534&lat=47.77574&zoom=6&segments=330847864","id":330847864,"forwards":true,"fromNode":265314969,"toNode":155627135}]},{"section_id":"DURTAL","road_local_name":"A11","section_local_name":"Péage de DURTAL sortie 11","location":[-0.2587,47.66754],"segments":[{"permalink":"https://beta.waze.com/fr/editor?env=row&lon=-0.25870&lat=47.66754&zoom=6&segments=248528670","id":248528670,"forwards":false,"fromNode":66772247,"toNode":66772340},{"permalink":"https://beta.waze.com/fr/editor?env=row&lon=-0.25870&lat=47.66754&zoom=6&segments=66534513","id":66534513,"forwards":false,"fromNode":66772799,"toNode":66772659}]},{"section_id":"SEICHES","road_local_name":"A11","section_local_name":"Péage de Seiches-sur-le-Loir","location":[-0.32283,47.56755],"segments":[{"permalink":"https://beta.waze.com/fr/editor?env=row&lon=-0.32283&lat=47.56755&zoom=5&segments=66520875","id":66520875,"forwards":true,"fromNode":205533196,"toNode":66662456},{"permalink":"https://beta.waze.com/fr/editor?env=row&lon=-0.32283&lat=47.56755&zoom=5&segments=273491024","id":273491024,"forwards":false,"fromNode":66662455,"toNode":228097471}]},{"section_id":"ANGERS (CORZE)","road_local_name":"A11","section_local_name":"Barrière de Péage de Corzé","location":[-0.33866,47.53816],"segments":[{"permalink":"https://beta.waze.com/fr/editor?env=row&lon=-0.33866&lat=47.53816&zoom=5&segments=274014279","id":274014279,"forwards":true,"fromNode":228419294,"toNode":228419310},{"permalink":"https://beta.waze.com/fr/editor?env=row&lon=-0.33866&lat=47.53816&s=1077411287&zoom=5&segments=384753115","id":384753115,"forwards":true,"fromNode":228419231,"toNode":299820884},{"permalink":"https://beta.waze.com/fr/editor?env=row&lon=-0.33866&lat=47.53816&zoom=5&segments=296775854","id":296775854,"forwards":true,"fromNode":243644042,"toNode":243644097},{"permalink":"https://beta.waze.com/fr/editor?env=row&lon=-0.33866&lat=47.53816&zoom=5&segments=296775856","id":296775856,"forwards":true,"fromNode":243643980,"toNode":243644098}]},{"section_id":"BEAUMONT SUR SARTHE","road_local_name":"A28","section_local_name":"Gare de Péage Beaumont-sur-Sarthe","location":[0.16977,48.19608],"segments":[{"permalink":"https://beta.waze.com/fr/editor?env=row&lon=0.16977&lat=48.19608&zoom=6&segments=340915213","id":340915213,"forwards":false,"fromNode":67634643,"toNode":271634598},{"permalink":"https://beta.waze.com/fr/editor?env=row&lon=0.16977&lat=48.19608&zoom=6&segments=340915215","id":340915215,"forwards":false,"fromNode":271634600,"toNode":172989333}]},{"section_id":"SILLE LE GUILLAUME / MAMERS","road_local_name":"A28","section_local_name":"Gare de Péage de Sillé-le-Guillaume - Mamers (20)","location":[0.13439,48.31106],"segments":[{"permalink":"https://beta.waze.com/fr/editor?env=row&lon=0.13439&lat=48.31106&zoom=6&segments=66891533","id":66891533,"forwards":true,"fromNode":312629123,"toNode":67743269},{"permalink":"https://beta.waze.com/fr/editor?env=row&lon=0.13439&lat=48.31106&zoom=6&segments=322018591","id":322018591,"forwards":true,"fromNode":259871477,"toNode":312629124}]},{"section_id":"ALENCON SUD","road_local_name":"A28","section_local_name":"Gare de Péage d'Alençon Sud (19)","location":[0.10765,48.39728],"segments":[{"permalink":"https://beta.waze.com/fr/editor?env=row&lon=0.10765&lat=48.39728&zoom=6&segments=319858160","id":319858160,"forwards":true,"fromNode":258518532,"toNode":172990376},{"permalink":"https://beta.waze.com/fr/editor?env=row&lon=0.10765&lat=48.39728&zoom=6&segments=340916521","id":340916521,"forwards":true,"fromNode":67750804,"toNode":271635455}]},{"section_id":"ALENCON NORD","road_local_name":"A28","section_local_name":"Gare de Péage d'Alençon Nord","location":[0.1277,48.45283],"segments":[{"permalink":"https://beta.waze.com/fr/editor?env=row&lon=0.12770&lat=48.45283&zoom=5&segments=340919345","id":340919345,"forwards":true,"fromNode":271637361,"toNode":181904914},{"permalink":"https://beta.waze.com/fr/editor?env=row&lon=0.12770&lat=48.45283&zoom=5&segments=340919342","id":340919342,"forwards":false,"fromNode":181904913,"toNode":271637358}]},{"section_id":"SEES","road_local_name":"A88","section_local_name":"Péage de Sées","location":[0.190678,48.633526],"segments":[{"permalink":"https://beta.waze.com/fr/editor?env=row&lat=48.63297&lon=0.19294&zoomLevel=17&segments=379008938","id":379008938,"forwards":true,"fromNode":296035588,"toNode":67766250},{"permalink":"https://beta.waze.com/fr/editor?env=row&lat=48.63284&lon=0.19154&zoomLevel=18&segments=346840129","id":346840129,"forwards":true,"fromNode":275368113,"toNode":244087193}]},{"section_id":"GACE","road_local_name":"A28","section_local_name":"Gare de Péage de Gacé","location":[0.30858,48.77462],"segments":[{"permalink":"https://beta.waze.com/fr/editor?env=row&lon=0.30858&lat=48.77462&zoom=5&segments=347764227","id":347764227,"forwards":true,"fromNode":271638867,"toNode":275945656},{"permalink":"https://beta.waze.com/fr/editor?env=row&lon=0.30858&lat=48.77462&zoom=5&segments=347764134","id":347764134,"forwards":false,"fromNode":275945605,"toNode":271638865},{"permalink":"https://beta.waze.com/fr/editor?env=row&lat=48.77245&lon=0.30910&s=8522359218174&zoomLevel=18&segments=432979480","id":432979480,"forwards":true,"fromNode":275945628,"toNode":331565294},{"permalink":"https://beta.waze.com/fr/editor?env=row&lon=0.30870&lat=48.77294&zoom=5&segments=347764214","id":347764214,"forwards":true,"fromNode":275945647,"toNode":275945649}]},{"section_id":"ORBEC","road_local_name":"A28","section_local_name":"Gare de Péage de Broglie-Orbec (Sud)","location":[0.44658,49.03199],"segments":[{"permalink":"https://beta.waze.com/fr/editor?env=row&lon=0.44658&lat=49.03199&zoom=6&segments=340923252","id":340923252,"forwards":false,"fromNode":269314438,"toNode":271640033},{"permalink":"https://beta.waze.com/fr/editor?env=row&lon=0.44658&lat=49.03199&zoom=6&segments=340923258","id":340923258,"forwards":true,"fromNode":271640037,"toNode":269314434},{"permalink":"https://beta.waze.com/fr/editor?env=row&lon=0.44310&lat=49.03712&zoom=6&segments=340923149","id":340923149,"forwards":false,"fromNode":271639975,"toNode":269314294},{"permalink":"https://beta.waze.com/fr/editor?env=row&lon=0.44310&lat=49.03712&zoom=6&segments=340923153","id":340923153,"forwards":false,"fromNode":269314292,"toNode":271639977}]},{"section_id":"BERNAY","road_local_name":"A28","section_local_name":"Gare de Péage de Bernay","location":[0.58036,49.13816],"segments":[{"permalink":"https://beta.waze.com/fr/editor?env=row&lon=0.58036&lat=49.13816&zoom=6&segments=68288299","id":68288299,"forwards":false,"fromNode":154251328,"toNode":71318138},{"permalink":"https://beta.waze.com/fr/editor?env=row&lon=0.58036&lat=49.13816&zoom=6&segments=68288403","id":68288403,"forwards":true,"fromNode":71318138,"toNode":154251329}]},{"section_id":"BRIONNE","road_local_name":"A28","section_local_name":"Gare de Péage de Brionne","location":[0.77648,49.24316],"segments":[{"permalink":"https://beta.waze.com/fr/editor?env=row&lon=0.77648&lat=49.24316&zoom=5&segments=341084974","id":341084974,"forwards":true,"fromNode":271743463,"toNode":154252040},{"permalink":"https://beta.waze.com/fr/editor?env=row&lon=0.77648&lat=49.24316&zoom=5&segments=341084974","id":341084974,"forwards":false,"fromNode":154252040,"toNode":271743463}]},{"section_id":"ROUMOIS","road_local_name":"A28","section_local_name":"Barrière de Péage de Roumois","location":[0.83661,49.35386],"segments":[{"permalink":"https://beta.waze.com/fr/editor?env=row&lon=0.83661&lat=49.35386&zoom=6&segments=297068681","id":297068681,"forwards":true,"fromNode":243832730,"toNode":71325749},{"permalink":"https://beta.waze.com/fr/editor?env=row&lon=0.83661&lat=49.35386&zoom=6&segments=297068686","id":297068686,"forwards":false,"fromNode":243832733,"toNode":243832731}]},{"section_id":"SILLE LE GUILLAUME / SABLE","road_local_name":"A81","section_local_name":"Gare de Péage de Joué en Charnie","location":[-0.21714,48.00445],"segments":[{"permalink":"https://beta.waze.com/fr/editor?env=row&lon=-0.21714&lat=48.00445&zoom=6&segments=67881994","id":67881994,"forwards":true,"fromNode":70107977,"toNode":70107971},{"permalink":"https://beta.waze.com/fr/editor?env=row&lat=48.00445&lon=-0.21715&s=70637015&zoomLevel=18&segments=343843991","id":343843991,"forwards":false,"fromNode":70107976,"toNode":273477135}]},{"section_id":"EVRON","road_local_name":"A81","section_local_name":"Gare de Péage de Vaiges","location":[-0.48691,48.05479],"segments":[{"permalink":"https://beta.waze.com/fr/editor?env=row&lon=-0.48691&lat=48.05479&zoom=5&segments=150337447","id":150337447,"forwards":false,"fromNode":70108736,"toNode":155672142},{"permalink":"https://beta.waze.com/fr/editor?env=row&lon=-0.48691&lat=48.05479&zoom=5&segments=346197557","id":346197557,"forwards":false,"fromNode":274967268,"toNode":155672415}]},{"section_id":"LAVAL EST","road_local_name":"A81","section_local_name":"Gare de Péage de Louverné","location":[-0.73914,48.10779],"segments":[{"permalink":"https://beta.waze.com/fr/editor?env=row&lon=-0.73914&lat=48.10779&zoom=6&segments=337562228","id":337562228,"forwards":true,"fromNode":269520550,"toNode":70112488},{"permalink":"https://beta.waze.com/fr/editor?env=row&lon=-0.73914&lat=48.10779&zoom=6&segments=337562233","id":337562233,"forwards":true,"fromNode":70111948,"toNode":269520553}]},{"section_id":"LAVAL OUEST","road_local_name":"A81","section_local_name":"Gare de Péage de Changé","location":[-0.83505,48.10433],"segments":[{"permalink":"https://beta.waze.com/fr/editor?env=row&lon=-0.83505&lat=48.10433&zoom=6&segments=343349201","id":343349201,"forwards":true,"fromNode":273158684,"toNode":273158642},{"permalink":"https://beta.waze.com/fr/editor?env=row&lon=-0.83505&lat=48.10433&zoom=6&segments=337562309","id":337562309,"forwards":false,"fromNode":70112667,"toNode":269520593}]},{"section_id":"VITRE (LA GRAVELLE)","road_local_name":"A81","section_local_name":"Barrière de Péage de la Gravelle","location":[-1.02773,48.08232],"segments":[{"permalink":"https://beta.waze.com/fr/editor?env=row&lon=-1.02773&lat=48.08232&zoom=6&segments=337562351","id":337562351,"forwards":true,"fromNode":269520614,"toNode":163236963},{"permalink":"https://www.waze.com/fr/editor?env=row&lon=-1.02773&lat=48.08232&zoomLevel=18&segments=411013122","id":411013122,"forwards":true,"fromNode":317126510,"toNode":317126511},{"permalink":"https://www.waze.com/fr/editor?env=row&lon=-1.02773&lat=48.08232&zoomLevel=18&segments=411013120","id":411013120,"forwards":true,"fromNode":317126510,"toNode":269520617}]},{"section_id":"AUVOURS (LE MANS ZI SUD)","road_local_name":"A28","section_local_name":"Gare de Péage du Mans centre","location":[0.31405,48.00324],"segments":[{"permalink":"https://beta.waze.com/fr/editor?env=row&lon=0.31405&lat=48.00324&zoom=5&segments=193157882","id":193157882,"forwards":true,"fromNode":67621779,"toNode":335271674},{"permalink":"https://beta.waze.com/fr/editor?env=row&lon=0.31405&lat=48.00324&zoom=5&segments=193157878","id":193157878,"forwards":true,"fromNode":335271698,"toNode":171976626}]},{"section_id":"PARIGNE-L'EVEQUE","road_local_name":"A28","section_local_name":"Gare de Péage de Parigné-l'Évêque 24","location":[0.32177,47.95598],"segments":[{"permalink":"https://beta.waze.com/fr/editor?env=row&lon=0.32177&lat=47.95598&zoom=6&segments=293849988","id":293849988,"forwards":false,"fromNode":64720143,"toNode":241738430},{"permalink":"https://beta.com/fr/editor?env=row&lat=47.95530&lon=0.32214&zoomLevel=18&segments=447119858","id":447119858,"forwards":true,"fromNode":340714854,"toNode":64719106}]},{"section_id":"ECOMMOY","road_local_name":"A28","section_local_name":"Gare de Péage d'Écommoy","location":[0.30283,47.82039],"segments":[{"permalink":"https://beta.waze.com/fr/editor?env=row&lon=0.30283&lat=47.82039&zoom=6&segments=344996074","id":344996074,"forwards":true,"fromNode":274206847,"toNode":64611598},{"permalink":"https://beta.waze.com/fr/editor?env=row&lon=0.30283&lat=47.82039&zoom=6&segments=344996076","id":344996076,"forwards":true,"fromNode":64611595,"toNode":274206849}]},{"section_id":"CHATEAU DU LOIR (MONTABON)","road_local_name":"A28","section_local_name":"Gare de Péage de Montabon","location":[0.3702,47.68659],"segments":[{"permalink":"https://beta.waze.com/fr/editor?env=row&lon=0.37020&lat=47.68659&zoom=6&segments=295856974","id":295856974,"forwards":false,"fromNode":64603623,"toNode":243043187},{"permalink":"https://beta.waze.com/fr/editor?env=row&lon=0.37020&lat=47.68659&zoom=6&segments=295856908","id":295856908,"forwards":true,"fromNode":187121253,"toNode":243043142}]},{"section_id":"BEAUFORT EN VALLEE","road_local_name":"A85","section_local_name":"Gare de Péage de Beaufort-en-Vallée","location":[-0.19346,47.46939],"segments":[{"permalink":"https://www.waze.com/fr/editor?env=row&lon=-0.19346&lat=47.46939&zoom=5&segments=233859056","id":233859056,"forwards":false,"fromNode":66644660,"toNode":201834828},{"permalink":"https://www.waze.com/fr/editor?env=row&lon=-0.19346&lat=47.46939&zoom=5&segments=332887564","id":332887564,"forwards":true,"fromNode":266610918,"toNode":66644658}]},{"section_id":"LONGUE-JUMELLES","road_local_name":"A85","section_local_name":"Gare de Péage de Longué-Jumelles (2)","location":[-0.11558,47.40389],"segments":[{"permalink":"https://www.waze.com/fr/editor?env=row&lon=-0.11558&lat=47.40389&zoom=6&segments=153666732","id":153666732,"forwards":true,"fromNode":157081535,"toNode":218951061},{"permalink":"https://www.waze.com/fr/editor?env=row&lon=-0.11558&lat=47.40389&zoom=6&segments=241225923","id":241225923,"forwards":true,"fromNode":218951060,"toNode":66642767}]},{"section_id":"SAUMUR (VIVY)","road_local_name":"A85","section_local_name":"Péage de Saumur","location":[-0.0294,47.3088],"segments":[{"permalink":"https://www.waze.com/fr/editor?env=row&lon=-0.02940&lat=47.30880&zoom=5&segments=362117469","id":362117469,"forwards":false,"fromNode":285147812,"toNode":66633211},{"permalink":"https://www.waze.com/fr/editor?env=row&lon=-0.03089&lat=47.31106&zoom=6&segments=324264980","id":324264980,"forwards":true,"fromNode":261302898,"toNode":66633215},{"permalink":"https://www.waze.com/fr/editor?env=row&lon=-0.03089&lat=47.31106&zoom=6&segments=332741790","id":332741790,"forwards":true,"fromNode":266517056,"toNode":66633215}]},{"section_id":"BOURGUEIL","road_local_name":"A85","section_local_name":"Péage Chouzé sur Loire","location":[0.16554,47.25409],"segments":[{"permalink":"https://www.waze.com/fr/editor?env=row&lon=0.16554&lat=47.25409&zoom=6&segments=65772718","id":65772718,"forwards":false,"fromNode":64472883,"toNode":64472426},{"permalink":"https://www.waze.com/fr/editor?env=row&lon=0.16554&lat=47.25409&zoom=6&segments=358779304","id":358779304,"forwards":true,"fromNode":282996040,"toNode":64472882}]},{"section_id":"RESTIGNE","road_local_name":"A85","section_local_name":"Barrière de Péage de Restigné","location":[0.2561,47.2701],"segments":[{"permalink":"https://waze.com/fr/editor?env=row&lat=47.27010&lon=0.25610&s=1152921504610358500&zoom=6&segments=274015270","id":274015270,"forwards":true,"fromNode":64471833,"toNode":228419936},{"permalink":"https://www.waze.com/fr/editor?env=row&lon=0.25610&lat=47.27010&zoom=6&segments=297631661","id":297631661,"forwards":true,"fromNode":244199681,"toNode":64472107}]},{"section_id":"PEAGE DE SAINT-CHRISTOPHE","road_local_name":"A28","section_local_name":"Barrière de Péage de Saint-Christophe","location":[0.49393496,47.63965],"segments":[{"permalink":"https://waze.com/fr/editor?env=row&lat=47.63965&lon=0.49393&s=1152921504610358500&zoom=5&segments=401255549","id":401255549,"forwards":true,"fromNode":242735884,"toNode":310706193},{"permalink":"https://www.waze.com/editor?lon=0.500172723785169&lat=47.6360541024675&zoom=5&segments=295397014","id":295397014,"forwards":true,"fromNode":242735744,"toNode":205630602}]},{"section_id":"LE MANS SUD","road_local_name":"A11","section_local_name":"Le Mans Sud/Gare de Péage d'Étival-lès-le-Mans","location":[0.056828056,47.974884],"segments":[{"permalink":"https://waze.com/fr/editor?env=row&lat=47.97393&lon=0.05938&s=138583334391&zoomLevel=18&segments=419396623","id":419396623,"forwards":true,"fromNode":322520633,"toNode":64726895},{"permalink":"https://waze.com/fr/editor?env=row&lat=47.97349&lon=0.05767&s=138591706615&zoomLevel=19&segments=293869013","id":293869013,"forwards":false,"fromNode":64726894,"toNode":241750783}]},{"section_id":"CONNERRE","road_local_name":"A11","section_local_name":"Sortie 6","location":[0.47663787,48.075035],"segments":[{"permalink":"https://www.waze.com/editor?lon=0.476637864484407&lat=48.0750342722995&zoom=5&segments=388089780","id":388089780,"forwards":true,"fromNode":301976523,"toNode":301976177},{"permalink":"https://www.waze.com/editor?lon=0.476637864484407&lat=48.0750342722995&zoom=5&segments=388090476","id":388090476,"forwards":true,"fromNode":301976523,"toNode":301976663},{"permalink":"https://www.waze.com/editor?lon=0.475111782550849&lat=48.0755605071165&zoom=5&segments=388090335","id":388090335,"forwards":true,"fromNode":295292352,"toNode":301977050},{"permalink":"https://waze.com/fr/editor?env=row&lat=48.07570&lon=0.47688&marker=true&s=138583332311&zoomLevel=18&segments=419157595","id":419157595,"forwards":true,"fromNode":322370957,"toNode":301977050}]},{"section_id":"PEAGE D ARGENTAN","road_local_name":"A88","section_local_name":"Barrière de Péage d'Argentan","location":[0.190909,48.63286],"segments":[{"permalink":"https://beta.waze.com/fr/editor?env=row&lat=48.63303&lon=0.19132&zoomLevel=19&segments=297460204","id":297460204,"forwards":false,"fromNode":155881688,"toNode":244087193},{"permalink":"https://beta.waze.com/fr/editor?env=row&lat=48.63303&lon=0.19132&zoomLevel=19&segments=440769204","id":440769204,"forwards":true,"fromNode":336687692,"toNode":230448279}]}]}]}